L=0;
Kt=1.092;
B=0.0168;
R=0.457;
Tf=0.552;
Jm=0.034;